state={
	id=10
	name="STATE_10"
	history = {
		owner = TST
		add_core_of = TST
	}
	provinces={
		65 180 370 412 424 618 675 722 904 1030 1089 1165 1415 1547 1835 1853 1978 1997 2083 2112 2121 2762 2815 2922 2942 3092 3184 3185 3202 3225 3268 3392 3411 3733 3864 4205 4258 4316 4496 4688 4727 4768 4824 4826 4848 4981 4988 5160 5356 5425 5707 5720 6111 6277 6330 6388 6533 8693 8760 8796 8824 8866 8898 8953 8975 9022 9052 9131 9168 9174 9199 9311 
	}
	manpower=0
	buildings_max_level_factor=1.000
	local_supplies=0.000
}
