state={
	id=5
	name="STATE_5"
	history = {
		owner = TST
		add_core_of = TST
	}
	provinces={
		41 114 144 153 155 160 173 264 400 443 457 923 942 1035 1071 1091 1192 1207 1238 1264 1317 1357 1423 1572 1684 1740 1741 2163 2182 2211 2487 2797 2861 3030 3244 3255 3264 3274 3328 3426 3749 3783 3842 4199 4531 4581 4686 4770 4830 4896 5169 5218 5268 5321 5530 5553 5661 5703 5881 5901 6155 6272 6445 6446 6591 6799 6836 7734 7747 7864 7894 8139 8187 8319 8382 8448 8603 13023 13026 
	}
	manpower=0
	buildings_max_level_factor=1.000
	local_supplies=0.000
}
